"country","employ","graduate","housing","agri"
17015,28.08,17.68,5.15,90.0443842706944
17021,30.42,13.13,4.93,58.5118165575921
17030,25.42,16.28,0,95.1840434201984
17034,35.08,9.06,0,91.0197494596654
17050,28.23,17.13,2.51,61.7117062009221
17052,22.02,12.66,3.22,61.9079795954791
17058,43.68,13.31,10.86,40.2099595868762
17060,34.67,13.29,1,86.3312694450669
17064,24.36,17.3,4.16,54.0941709833546
17068,48.28,10.68,4.27,70.1002370931763
17079,23.42,15.78,3.65,37.1465482158292
17081,16.54,9.92,0,55.6068282227541
17084,36.23,11.6,3.2,71.3642938891587
17097,18.97,17,2,87.500467175318
17098,35.89,14.29,0.74,72.6002910936035
17099,20.25,14.26,1.75,31.8615937779104
17116,24.42,14.44,3.77,78.7001443366884
17118,8.89,15.94,0,14.4191165196436
17119,15.61,19.23,1.79,84.3063588781958
17120,28.33,16.4,3.26,78.3485182727232
17129,26.92,16,0.6,63.0115180827914
17130,17.98,13.66,0.5,71.8443564105992
17131,38.62,14.49,16.15,77.7498979764503
17133,25.55,12.56,2.4,65.146363764542
17151,22.01,16.52,6.7,48.4720879729976
17152,33.09,11.63,0.63,76.730589099947
17155,27.47,14.89,8.88,60.6327657520756
17160,32.5,18.29,2.08,85.819488137178
17172,39.23,13.6,12.12,80.5779963741362
17178,25,25.93,0,82.374900873176
17183,15.59,17.2,0,83.9138383021841
17185,28.32,12.79,6.13,59.739994815884
17196,24.88,18.85,1.03,72.1638167851615
17199,25.58,11,0,39.9145305765004
17210,49.18,22.48,1.43,61.5523582242727
17219,44.98,13.07,17.52,42.9330150867795
17225,50.26,15.3,8.18,14.8319136160605
17228,21.19,14.49,2.68,78.0905421560708
17230,35.72,15.99,8.23,65.1580712833403
17232,23.45,15.45,1.93,71.6703755296881
17236,43.82,13.23,13.25,68.1615325395701
17240,44.64,13.1,14.1,37.9721195115744
17243,40.65,12.74,10.98,38.7794584388792
17244,25.18,14.45,1.39,76.276186439282
17247,26.56,16.26,12,33.4974443521949
17248,40.92,13.97,8.51,65.918217169352
17255,10.98,16.39,8.4,92.1436005099981
17265,20.35,14.53,6.09,36.1478277194523
17278,15.14,13.59,7.28,86.8566658978027
17279,19.25,13.82,3.57,49.9099960073334
17296,19.41,15.83,1.34,70.8458611101458
17298,21.45,15.2,5.16,83.5692991640662
17305,16.38,16.71,0.52,73.6677126393565
17306,66.46,18.19,43.68,37.8337223020351
17307,15.79,15.37,3.75,85.1021425960632
17310,29.49,14.24,2.7,69.0610616287623
17311,18.16,17.13,3.35,52.6709787238862
17312,39.5,11.45,3.3,80.3342209114887
17317,37.95,13.39,1.65,68.6929144441971
17325,46.7,16.59,5.58,82.0086681625522
17328,43.75,12.39,5.13,70.850975309289
17330,37.07,11.68,1.87,76.4111617218356
17331,34.38,13.27,13.98,74.6115760541828
17333,35.43,17.62,16.55,39.8002586913004
17335,18.18,11.11,0,86.6305997961383
17342,29.49,14.13,2.03,62.6880599619681
17351,29.4,13.31,4.5,56.4623086358268
17362,17.65,16.76,4.85,89.6843082593675
17379,29.67,14.19,1.03,76.292830945048
17380,31.85,18.06,10,8.48325243288235
17388,28.83,7.37,0,68.4854397735229
17390,29.63,23.53,0,88.7021015846
17392,27.78,8.7,0,95.4548151986466
17393,25.6,14.57,2.08,71.9998392091278
17404,14.58,13.68,0.48,87.5063331307651
17405,29.41,7.81,1.16,85.3943591010899
17406,20.83,14.23,3.6,73.483639071587
17409,22.34,17.03,9.37,63.805120581779
17410,50.53,15.81,2.26,85.3949035046526
17417,38.6,17.97,0,75.0180244556474
17421,38.21,13.95,17.9,69.1120778681511
17424,23.66,18.01,3.42,79.2563481305854
17425,18.03,14.13,3.9,90.5745582309004
17430,25.93,11.57,2.99,58.0048167522314
17432,21.17,18.01,4.26,54.890861460157
17437,42.86,22.86,9.76,93.7270450669473
17438,23.97,17.98,0,81.5808413129151
17441,18.79,14.73,5.1,77.9048982721619
17442,11.72,15.51,3.08,64.3342463227431
17445,28.57,17.15,0.75,69.3260404210036
17452,61.05,12.75,12.42,4.40322147132508
17461,28.84,19.43,15.38,25.7918388721774
17469,21.89,21.23,0.43,76.45911853912
17479,35.58,7.17,0,61.6762507838193
33003,17.12,14.9,15.34,39.0484742494895
33004,27.31,12.69,5.28,36.1979952424612
33005,42.55,19.05,11.34,0
33006,26.09,10.34,2.4,74.0631849665918
33009,54.9,19.9,58.95,0
33010,18.97,13.17,5.33,54.1922964179309
33011,33.76,16.98,14.15,0.97036137043092
33012,16.14,16.37,1.96,23.0580164424227
33013,13.42,19.5,15.91,12.3464650156083
33019,20.81,20.38,11.13,14.8331803651986
33022,16.83,17.77,2.62,9.4218041772949
33029,21.5,17.63,14.71,19.6527331416012
33032,20.3,13.7,28.57,22.09725996598
33035,19.11,11.29,0.97,39.8184448295564
33038,43.21,13.46,2.01,72.2918009224747
33039,25.07,15.97,38.75,4.80420609284549
33042,29.43,16.93,8.33,5.14673035111066
33047,25.11,12.81,2.25,75.692457719718
33051,31.64,17.7,10.84,2.54897839422861
33055,42.37,14.97,4.04,89.9059372705315
33056,27.93,17.73,36.37,37.4000720201355
33058,37.96,19.71,31.7,24.1547505304866
33063,61.35,17.28,74.39,4.98575817952643
33065,32.2,22.69,22.69,34.8329065435912
33067,30.28,11.91,23.38,64.2566116639679
33068,66.67,22.22,0,32.6437779917438
33069,17.89,19.22,49.11,0
33070,9.65,18.68,2.54,4.98651151577003
33073,53.3,12.35,4.83,66.6154316785538
33075,18.81,20.38,43.18,25.4487097478263
33089,13.37,15.03,1.08,57.5605604260245
33090,13.6,19.03,20.37,6.11438000607444
33091,20.49,16.65,3.25,55.3659553879563
33095,58.64,11.81,5.11,8.64601972240879
33096,14.31,18.53,28.17,10.914035379483
33097,37.79,18.31,9.61,9.96560197084975
33099,13.5,17.98,2.64,44.3659155644371
33100,25.59,14.49,2.63,88.6229860652743
33101,17.73,14.54,0.69,60.198850511581
33104,20.54,15.66,16.34,4.44305537227519
33114,19.37,15.52,36.2,51.325628826861
33115,13.58,17.22,0.98,14.3634930526144
33119,22.27,13.34,56.51,2.52891015596451
33122,22.32,16.22,6.76,18.0408660007902
33123,13.13,14.04,1.18,65.5657119867048
33125,24.07,13.9,2.03,43.39186528746
33126,17.67,15.93,1.37,69.6466731072496
33128,22.75,13.05,3.57,84.3507320086687
33132,7.46,8.71,1.65,69.9063061863371
33134,28.28,15.08,9.8,74.2561826639662
33142,16.93,15.66,0.2,62.6992870547379
33143,13.82,13.52,8.02,61.6907761136579
33146,20.63,16.09,4.62,50.7531561957647
33151,18.29,12.77,0.28,25.8719050782056
33159,26.12,15.11,9.36,54.4917667129768
33161,18.24,14.44,7.05,77.9333364974337
33162,17.56,18.18,33.03,25.5765976202551
33167,18.36,14.53,44.77,13.4909435459328
33172,11.82,11.52,0,78.8210889938669
33177,27.12,14.27,1.47,28.0948124489173
33182,17.39,14.81,1.99,33.5977052829801
33184,17.31,11.63,0,52.6104993677934
33192,22.02,17.26,45.48,3.31342379565067
33193,28.36,18.63,4.23,10.8364022867753
33199,30.37,18.06,10.79,3.42435778552955
33200,15.78,20.26,25.02,18.9310397929155
33202,21.42,17.52,5.31,1.78744165858401
33203,37.86,19.32,15.54,8.30805981127716
33208,32.18,11.54,2.88,87.1191645414457
33211,15.77,15.05,2.69,52.5691459639246
33214,50.72,19.61,10.41,0.812230697313057
33220,16.32,11.31,8.64,61.7409454552372
33228,20.97,15.84,1.43,86.0885069946611
33229,23.78,18.25,7.08,9.40982739334778
33234,18.58,17.77,12.41,42.6943324816745
33236,53.02,18.01,12.25,0.260142124420545
33240,50.53,12.97,22.89,21.9661954441882
33248,22.08,17.86,4.69,22.0681875527249
33249,25.66,13.4,67.14,6.64060821569814
33251,13.22,13.15,0.8,0.688316392313596
33255,8.91,14.63,5.38,5.61693136324776
33256,14.61,18.38,9.15,71.0349082855339
33260,15.49,14.54,2.03,17.4953131041536
33262,17.43,15.63,10.84,49.2796726548323
33267,29.23,11.86,1.63,49.607475018213
33268,27.58,16.18,13.89,71.9425052201159
33273,31.46,20.78,13.71,0.257185248254023
33280,20.76,14.19,1.03,87.2988299773189
33281,36.58,18.55,57.37,12.099433245418
33284,17.42,17.7,4.74,7.17614509324002
33285,20.12,9.41,0,87.0517653077882
33297,22.54,14.59,1.98,45.9375720921786
33300,21.14,15.77,0.54,4.81854658280314
33309,28.26,15.58,1.03,83.1518496792995
33312,13.32,16.02,12,57.5169265790177
33314,56.92,11.85,25.28,52.3762848280632
33318,30.15,16.2,41.88,6.48739515418974
33321,12.44,14.92,2.67,60.8696699139075
33322,12.99,18.06,0.93,10.7690809137477
33325,15.85,16.12,3.08,37.5792005360246
33326,28.57,8.86,2.22,73.5276955609032
33333,22.65,15.09,3.59,1.15449694319034
33338,31.91,13.77,4.65,73.3005887802896
33339,17.44,11.11,4.52,62.1252132420142
33341,20.59,14.72,6.23,73.4475039541826
33348,28.24,15.31,2.72,46.9131935730804
33351,30.58,12.16,1.1,47.4030733587533
33366,25.97,17.33,19.17,55.0709007169879
33370,22.88,13.8,4.2,46.5173694423502
33374,29.84,10.13,2.41,68.857589045737
33376,12.82,20.76,6.11,1.75945463160973
33380,18.37,12.74,2.88,91.5633395927664
33382,26.23,11.35,3.19,51.2575617484987
33383,47.29,12.2,2.04,85.6036903640943
33388,22.06,13.38,4.4,75.0480058212496
33389,39.27,14.64,10.39,81.0486074711061
33395,44.54,9.93,2.54,76.6874013539484
33397,14.53,16.62,11.38,51.8444673724905
33405,13.59,14.89,0.54,59.6077953366028
33412,22.8,16.3,0.21,24.7132252055683
33415,15.22,16.03,8.86,77.7246941688904
33416,17.87,14.65,1.3,79.0080466089319
33417,17.29,18.53,3.99,2.21830816104955
33422,18.85,19.86,9.55,10.0721035808494
33423,57.37,13.18,7.33,52.1003942134616
33424,31.16,16.83,10.69,26.515088281423
33425,15.19,12.97,3.21,61.9223204742882
33434,12.26,16.67,14.27,56.3255530101925
33436,17.52,16.31,0.27,5.78777892523464
33439,20.65,15.1,3.47,64.4510225503554
33441,13.87,17.29,8.74,78.197169712609
33449,26.33,19.25,12.23,6.14892966742416
33456,19.12,14.44,0,75.0052187730426
33458,18.68,12.45,4.03,84.7499900947698
33471,17.73,15.24,1,28.2369677508566
33473,24.8,13.8,12.07,39.7644947667745
33475,21.85,16.53,0.71,72.712439223902
33476,49.18,15.47,3.64,79.9122423604744
33477,12.99,13.63,7.54,77.7164895260478
33484,40.27,13.36,4.32,13.4164686882097
33486,16.26,10.83,1.61,63.7393333046488
33487,15.95,14.13,2.84,55.1568852619155
33489,23.91,14.11,0.79,71.4767549630456
33490,33.05,12.97,3.91,57.8893500155454
33492,15.47,14.55,15.39,24.8996984589123
33493,45.81,15.99,2.75,82.2340275821673
33494,19.35,17.03,4.15,5.93181641006806
33498,25.11,18.22,10.54,4.43633615338362
33500,25.26,13.95,1.12,74.1918825904231
33502,20.26,12.71,2.01,20.954661663908
33503,6.03,17.89,1.04,0.516350027976883
33514,69.05,20.33,19.68,41.6148487998593
33517,17.82,14.89,3.92,57.2784864920655
33519,12.04,17.43,2.91,18.3978693552122
33521,21.95,18.32,4.7,86.5911660890134
33522,18.54,16.67,67.24,4.0962575834893
33525,21.92,12.31,1.36,72.4950321936625
33527,16.86,17.36,13.49,3.86936970916854
33528,18.43,16.71,2.28,8.82501389997988
33529,51.78,18.97,19.19,0.390063063315818
33530,18.21,13.68,0.37,74.5455506915434
33535,14.6,17.44,2.51,60.3105610435774
33536,8.42,19.53,2.17,4.42507908547369
33538,39.7,13.11,3.21,82.7305717164511
33540,49.06,15.77,9.13,6.96341416525878
33541,23.72,11.29,2.75,21.6164315761367
33544,50.66,13.75,21.8,29.9778316083479
33545,19.72,11.86,0.69,36.4066208641088
33550,18.51,16.14,27.14,10.4942860004614
33551,23.57,14.54,3.25,52.6748403929623
33553,13.5,14.04,3.4,70.109691949986
33554,12.24,21.03,10.74,64.280089488607
33555,16.19,17.6,8.27,0
40008,21.62,30.77,5.41,12.9038810908784
40019,16.22,17.01,16.45,2.68192811792207
40032,24.29,17.73,4.71,13.8200142386338
40043,16.15,14.21,22.65,0.723586820082358
40046,67.14,19.38,28.68,1.00512982609074
40060,50.98,20.34,2.9,5.62476236324052
40085,21.66,12.33,2.55,18.6035988980795
40094,42.13,16.99,2.22,7.65224483065187
40105,24.86,14.84,5.78,2.25987358545972
40108,29.31,17.46,5.68,4.10462533416897
40134,53.25,13.65,12.93,10.3861545420365
40135,37.11,13.86,12.28,15.4770238085985
40149,19.42,13.92,3.47,9.89956193836483
40156,41.21,15.73,9.15,27.1456926649743
40163,24.44,17.57,2.73,13.7620917924155
40165,25.38,17.6,3.87,14.2725990182938
40167,42.71,16.51,4.05,11.308387865517
40171,23.81,16.67,2,12.2046435047592
40182,29.83,13.46,9.77,2.16505644490149
40184,75.26,14.97,24.43,4.02977093750251
40200,45.14,14.1,8.88,3.9481860462202
40210,47.48,14.29,10.8,14.434851199797
40217,41.28,19.68,15.1,6.11187930788328
40227,40.5,17.13,15.27,18.8958197782062
40229,27.89,15.56,10.66,0.899823492932007
40246,53.46,13.53,6.36,11.9878816557946
40257,24.41,17.94,4.93,1.17166817713435
40278,17.84,14.15,7.5,3.82189576966308
40287,24.88,17.71,7.24,1.67506414186225
40295,30.29,14.06,2.03,19.8222412103059
40297,46.51,19.86,6.58,9.90972371880373
40303,38.52,13.95,2.86,36.2485441290264
40307,50.41,18.23,7.94,16.493467418561
40319,27.53,19.42,1.8,9.40324254244459
40323,18.89,14.52,2.73,12.7831269416224
40332,31.03,15.85,8.45,19.8755526613536
